POS
              precision    recall  f1-score   support

         adj       0.85      0.71      0.77      2342
         adv       0.41      0.32      0.36       156
         avy       0.48      0.45      0.47      2542
           n       0.96      0.87      0.91     13632
        nnpc       0.00      0.00      0.00         2
         nst       0.99      0.69      0.82       534
         num       0.27      0.96      0.42       865
          pn       0.97      0.41      0.58      2023
         psp       0.89      0.15      0.25      7581
        punc       0.26      1.00      0.42      2751
           s       0.00      0.00      0.00         8
         sym       0.00      0.00      0.00         1
         unk       0.00      0.00      0.00       191
           v       0.96      0.93      0.95      6326

   micro avg       0.68      0.68      0.68     38954
   macro avg       0.50      0.46      0.42     38954
weighted avg       0.84      0.68      0.68     38954

Gender
              precision    recall  f1-score   support

         Unk       0.73      0.96      0.83     11027
         any       0.49      0.87      0.63      7249
           f       0.85      0.46      0.59      6170
           m       0.92      0.52      0.66     14507
        punc       0.00      0.00      0.00         1

   micro avg       0.70      0.70      0.70     38954
   macro avg       0.60      0.56      0.54     38954
weighted avg       0.77      0.70      0.69     38954

Number
              precision    recall  f1-score   support

         Unk       0.74      0.96      0.83     11264
         any       0.55      0.88      0.68      3622
          pl       0.87      0.45      0.59      3149
          sg       0.92      0.74      0.82     20919

   micro avg       0.80      0.80      0.80     38954
   macro avg       0.77      0.76      0.73     38954
weighted avg       0.83      0.80      0.79     38954

Person
              precision    recall  f1-score   support

           1       0.05      0.02      0.02        65
           2       0.00      0.00      0.00         2
          2h       0.00      0.00      0.00        13
           3       0.95      0.80      0.87     17664
          3h       0.00      0.00      0.00       675
         Unk       0.81      0.98      0.89     16839
         any       0.84      0.82      0.83      3696

   micro avg       0.86      0.86      0.86     38954
   macro avg       0.38      0.37      0.37     38954
weighted avg       0.86      0.86      0.86     38954

Case
              precision    recall  f1-score   support

         Unk       0.78      0.98      0.87     17185
         any       0.31      0.95      0.47       773
           d       0.86      0.63      0.72      9322
           o       0.96      0.69      0.80     11674

   micro avg       0.81      0.81      0.81     38954
   macro avg       0.73      0.81      0.72     38954
weighted avg       0.85      0.81      0.81     38954

Tam
              precision    recall  f1-score   support

           0       0.87      0.84      0.86     14753
         Unk       0.83      0.98      0.90     17910
          WA       0.10      0.15      0.12       272
          aO       0.00      0.00      0.00         5
          ao       0.00      0.00      0.00         2
          eM       0.00      0.00      0.00        61
          gA       0.99      0.96      0.97       262
          hE       0.86      0.80      0.83      1273
          kA       0.00      0.00      0.00       210
          kI       0.00      0.00      0.00         1
        kara       1.00      0.09      0.16       105
          ke       0.00      0.00      0.00        98
          ko       0.00      0.00      0.00       129
         meM       0.00      0.00      0.00        48
          nA       0.99      0.45      0.62       820
          ne       1.00      0.15      0.26       166
          se       0.00      0.00      0.00        43
          wA       0.99      0.80      0.88       365
          yA       0.98      0.41      0.58      2042
         yA1       1.00      0.13      0.23       389

   micro avg       0.85      0.85      0.85     38954
   macro avg       0.48      0.29      0.32     38954
weighted avg       0.85      0.85      0.83     38954